0.400000 5.969934e-04 2.842031e+06 2.205116e+06 0.775894
0.404600 6.108019e-04 2.714791e+06 2.104343e+06 0.775140
0.409200 6.247682e-04 2.594587e+06 2.009233e+06 0.774394
0.413800 6.388923e-04 2.480957e+06 1.919409e+06 0.773657
0.418400 6.531742e-04 2.373475e+06 1.834523e+06 0.772927
0.423000 6.676140e-04 2.271746e+06 1.754255e+06 0.772206
0.427600 6.822116e-04 2.175404e+06 1.678307e+06 0.771492
0.432200 6.969670e-04 2.084111e+06 1.606404e+06 0.770786
0.436800 7.118802e-04 1.997552e+06 1.538291e+06 0.770088
0.441400 7.269512e-04 1.915437e+06 1.473731e+06 0.769397
0.446000 7.421800e-04 1.837494e+06 1.412505e+06 0.768713
0.450600 7.575667e-04 1.763472e+06 1.354409e+06 0.768036
0.455200 7.731111e-04 1.693136e+06 1.299254e+06 0.767365
0.459800 7.888134e-04 1.626268e+06 1.246863e+06 0.766702
0.464400 8.046734e-04 1.562666e+06 1.197072e+06 0.766045
0.469000 8.206913e-04 1.502139e+06 1.149729e+06 0.765395
0.473600 8.368669e-04 1.444511e+06 1.104691e+06 0.764751
0.478200 8.532003e-04 1.389617e+06 1.061825e+06 0.764113
0.482800 8.696916e-04 1.337304e+06 1.021006e+06 0.763481
0.487400 8.863406e-04 1.287426e+06 9.821202e+05 0.762856
0.492000 9.031474e-04 1.239849e+06 9.450575e+05 0.762236
0.496600 9.201120e-04 1.194447e+06 9.097171e+05 0.761622
0.501200 9.372343e-04 1.151102e+06 8.760042e+05 0.761014
0.505800 9.545145e-04 1.109703e+06 8.438299e+05 0.760411
0.510400 9.719524e-04 1.070146e+06 8.131111e+05 0.759813
0.515000 9.895481e-04 1.032333e+06 7.837695e+05 0.759221
0.519600 1.007302e-03 9.961741e+05 7.557322e+05 0.758635
0.524200 1.025213e-03 9.615821e+05 7.289303e+05 0.758053
0.528800 1.043282e-03 9.284765e+05 7.032993e+05 0.757477
0.533400 1.061509e-03 8.967815e+05 6.787786e+05 0.756905
0.538000 1.079893e-03 8.664255e+05 6.553111e+05 0.756339
0.542600 1.098435e-03 8.373412e+05 6.328431e+05 0.755777
0.547200 1.117135e-03 8.094653e+05 6.113243e+05 0.755220
0.551800 1.135993e-03 7.827381e+05 5.907071e+05 0.754668
0.556400 1.155009e-03 7.571033e+05 5.709466e+05 0.754120
0.561000 1.174182e-03 7.325076e+05 5.520006e+05 0.753577
0.565600 1.193513e-03 7.089011e+05 5.338294e+05 0.753038
0.570200 1.213002e-03 6.862364e+05 5.163953e+05 0.752503
0.574800 1.232648e-03 6.644688e+05 4.996628e+05 0.751973
0.579400 1.252453e-03 6.435561e+05 4.835985e+05 0.751447
0.584000 1.272414e-03 6.234582e+05 4.681708e+05 0.750926
0.588600 1.292534e-03 6.041374e+05 4.533496e+05 0.750408
0.593200 1.312812e-03 5.855580e+05 4.391067e+05 0.749894
0.597800 1.333247e-03 5.676861e+05 4.254153e+05 0.749385
0.602400 1.353840e-03 5.504896e+05 4.122501e+05 0.748879
0.607000 1.374590e-03 5.339381e+05 3.995871e+05 0.748377
0.611600 1.395498e-03 5.180029e+05 3.874036e+05 0.747879
0.616200 1.416564e-03 5.026566e+05 3.756780e+05 0.747385
0.620800 1.437788e-03 4.878734e+05 3.643898e+05 0.746894
0.625400 1.459170e-03 4.736285e+05 3.535198e+05 0.746407
0.630000 1.480709e-03 4.598988e+05 3.430495e+05 0.745924
0.634600 1.502405e-03 4.466620e+05 3.329615e+05 0.745444
0.639200 1.524260e-03 4.338970e+05 3.232392e+05 0.744967
0.643800 1.546272e-03 4.215839e+05 3.138668e+05 0.744494
0.648400 1.568442e-03 4.097035e+05 3.048296e+05 0.744025
0.653000 1.590770e-03 3.982378e+05 2.961131e+05 0.743559
0.657600 1.613255e-03 3.871695e+05 2.877039e+05 0.743095
0.662200 1.635898e-03 3.764822e+05 2.795891e+05 0.742636
0.666800 1.658698e-03 3.661603e+05 2.717565e+05 0.742179
0.671400 1.681657e-03 3.561890e+05 2.641945e+05 0.741726
0.676000 1.704772e-03 3.465540e+05 2.568919e+05 0.741275
0.680600 1.728046e-03 3.372418e+05 2.498382e+05 0.740828
0.685200 1.751477e-03 3.282396e+05 2.430233e+05 0.740384
0.689800 1.775066e-03 3.195351e+05 2.364375e+05 0.739942
0.694400 1.798813e-03 3.111165e+05 2.300719e+05 0.739504
0.699000 1.822717e-03 3.029726e+05 2.239175e+05 0.739069
0.703600 1.846779e-03 2.950929e+05 2.179662e+05 0.738636
0.708200 1.870998e-03 2.874670e+05 2.122099e+05 0.738206
0.712800 1.895375e-03 2.800852e+05 2.066410e+05 0.737779
0.717400 1.919910e-03 2.729382e+05 2.012523e+05 0.737355
0.722000 1.944603e-03 2.660172e+05 1.960369e+05 0.736933
0.726600 1.969453e-03 2.593135e+05 1.909882e+05 0.736515
0.731200 1.994460e-03 2.528192e+05 1.860998e+05 0.736098
0.735800 2.019626e-03 2.465263e+05 1.813657e+05 0.735685
0.740400 2.044948e-03 2.404274e+05 1.767800e+05 0.735274
0.745000 2.070429e-03 2.345155e+05 1.723374e+05 0.734866
0.749600 2.096067e-03 2.287837e+05 1.680324e+05 0.734460
0.754200 2.121863e-03 2.232254e+05 1.638600e+05 0.734056
0.758800 2.147816e-03 2.178344e+05 1.598153e+05 0.733655
0.763400 2.173927e-03 2.126047e+05 1.558938e+05 0.733257
0.768000 2.200195e-03 2.075305e+05 1.520909e+05 0.732861
0.772600 2.226621e-03 2.026063e+05 1.484025e+05 0.732467
0.777200 2.253205e-03 1.978269e+05 1.448243e+05 0.732076
0.781800 2.279946e-03 1.931872e+05 1.413525e+05 0.731687
0.786400 2.306845e-03 1.886823e+05 1.379833e+05 0.731300
0.791000 2.333902e-03 1.843075e+05 1.347131e+05 0.730915
0.795600 2.361115e-03 1.800583e+05 1.315385e+05 0.730533
0.800200 2.388487e-03 1.759305e+05 1.284562e+05 0.730153
0.804800 2.416016e-03 1.719200e+05 1.254629e+05 0.729775
0.809400 2.443703e-03 1.680227e+05 1.225556e+05 0.729399
0.814000 2.471547e-03 1.642348e+05 1.197314e+05 0.729026
0.818600 2.499549e-03 1.605527e+05 1.169874e+05 0.728654
0.823200 2.527708e-03 1.569729e+05 1.143210e+05 0.728285
0.827800 2.556025e-03 1.534920e+05 1.117295e+05 0.727918
0.832400 2.584499e-03 1.501067e+05 1.092105e+05 0.727552
0.837000 2.613131e-03 1.468138e+05 1.067614e+05 0.727189
0.841600 2.641920e-03 1.436105e+05 1.043801e+05 0.726828
0.846200 2.670867e-03 1.404937e+05 1.020643e+05 0.726469
0.850800 2.699972e-03 1.374607e+05 9.981178e+04 0.726111
0.855400 2.729234e-03 1.345088e+05 9.762059e+04 0.725756
0.860000 2.758653e-03 1.316354e+05 9.548870e+04 0.725403
0.864600 2.788230e-03 1.288381e+05 9.341421e+04 0.725051
0.869200 2.817965e-03 1.261144e+05 9.139529e+04 0.724701
0.873800 2.847857e-03 1.234620e+05 8.943016e+04 0.724354
0.878400 2.877906e-03 1.208787e+05 8.751712e+04 0.724008
0.883000 2.908113e-03 1.183624e+05 8.565453e+04 0.723663
0.887600 2.938477e-03 1.159109e+05 8.384081e+04 0.723321
0.892200 2.968999e-03 1.135223e+05 8.207444e+04 0.722980
0.896800 2.999679e-03 1.111947e+05 8.035394e+04 0.722642
0.901400 3.030516e-03 1.089262e+05 7.867791e+04 0.722305
0.906000 3.061510e-03 1.067150e+05 7.704497e+04 0.721969
0.910600 3.092662e-03 1.045594e+05 7.545380e+04 0.721636
0.915200 3.123971e-03 1.024578e+05 7.390315e+04 0.721304
0.919800 3.155438e-03 1.004084e+05 7.239177e+04 0.720973
0.924400 3.187062e-03 9.840980e+04 7.091850e+04 0.720645
0.929000 3.218843e-03 9.646047e+04 6.948218e+04 0.720318
0.933600 3.250782e-03 9.455895e+04 6.808172e+04 0.719992
0.938200 3.282879e-03 9.270386e+04 6.671605e+04 0.719669
0.942800 3.315133e-03 9.089383e+04 6.538415e+04 0.719346
0.947400 3.347544e-03 8.912756e+04 6.408502e+04 0.719026
0.952000 3.380113e-03 8.740379e+04 6.281770e+04 0.718707
0.956600 3.412839e-03 8.572131e+04 6.158127e+04 0.718389
0.961200 3.445722e-03 8.407892e+04 6.037484e+04 0.718073
0.965800 3.478763e-03 8.247550e+04 5.919753e+04 0.717759
0.970400 3.511961e-03 8.090994e+04 5.804852e+04 0.717446
0.975000 3.545317e-03 7.938117e+04 5.692699e+04 0.717135
0.979600 3.578830e-03 7.788816e+04 5.583216e+04 0.716825
0.984200 3.612501e-03 7.642992e+04 5.476328e+04 0.716516
0.988800 3.646328e-03 7.500548e+04 5.371962e+04 0.716209
0.993400 3.680314e-03 7.361391e+04 5.270046e+04 0.715904
0.998000 3.714456e-03 7.225430e+04 5.170513e+04 0.715599
1.002600 3.748756e-03 7.092577e+04 5.073297e+04 0.715297
1.007200 3.783213e-03 6.962749e+04 4.978332e+04 0.714995
1.011800 3.817828e-03 6.835862e+04 4.885558e+04 0.714695
1.016400 3.852600e-03 6.711838e+04 4.794914e+04 0.714397
1.021000 3.887529e-03 6.590598e+04 4.706342e+04 0.714099
1.025600 3.922616e-03 6.472070e+04 4.619786e+04 0.713803
1.030200 3.957860e-03 6.356180e+04 4.535191e+04 0.713509
1.034800 3.993261e-03 6.242859e+04 4.452504e+04 0.713216
1.039400 4.028820e-03 6.132038e+04 4.371675e+04 0.712924
1.044000 4.064536e-03 6.023652e+04 4.292653e+04 0.712633
1.048600 4.100409e-03 5.917637e+04 4.215391e+04 0.712344
1.053200 4.136440e-03 5.813931e+04 4.139842e+04 0.712056
1.057800 4.172627e-03 5.712474e+04 4.065960e+04 0.711769
1.062400 4.208973e-03 5.613208e+04 3.993703e+04 0.711483
1.067000 4.245475e-03 5.516076e+04 3.923028e+04 0.711199
1.071600 4.282135e-03 5.421025e+04 3.853892e+04 0.710916
1.076200 4.318952e-03 5.328000e+04 3.786258e+04 0.710634
1.080800 4.355926e-03 5.236951e+04 3.720085e+04 0.710353
1.085400 4.393057e-03 5.147826e+04 3.655337e+04 0.710074
1.090000 4.430346e-03 5.060578e+04 3.591976e+04 0.709796
1.094600 4.467792e-03 4.975160e+04 3.529968e+04 0.709519
1.099200 4.505395e-03 4.891526e+04 3.469279e+04 0.709243
1.103800 4.543156e-03 4.809631e+04 3.409874e+04 0.708968
1.108400 4.581074e-03 4.729432e+04 3.351721e+04 0.708694
1.113000 4.619149e-03 4.650887e+04 3.294790e+04 0.708422
1.117600 4.657381e-03 4.573956e+04 3.239050e+04 0.708151
1.122200 4.695770e-03 4.498600e+04 3.184470e+04 0.707880
1.126800 4.734317e-03 4.424778e+04 3.131023e+04 0.707611
1.131400 4.773021e-03 4.352456e+04 3.078681e+04 0.707343
1.136000 4.811882e-03 4.281595e+04 3.027415e+04 0.707076
1.140600 4.850900e-03 4.212161e+04 2.977201e+04 0.706811
1.145200 4.890075e-03 4.144120e+04 2.928012e+04 0.706546
1.149800 4.929408e-03 4.077438e+04 2.879823e+04 0.706282
1.154400 4.968898e-03 4.012083e+04 2.832610e+04 0.706020
1.159000 5.008545e-03 3.948024e+04 2.786351e+04 0.705758
1.163600 5.048349e-03 3.885229e+04 2.741021e+04 0.705498
1.168200 5.088310e-03 3.823669e+04 2.696599e+04 0.705238
1.172800 5.128429e-03 3.763316e+04 2.653063e+04 0.704980
1.177400 5.168704e-03 3.704140e+04 2.610391e+04 0.704723
1.182000 5.209137e-03 3.646115e+04 2.568565e+04 0.704466
1.186600 5.249727e-03 3.589213e+04 2.527563e+04 0.704211
1.191200 5.290474e-03 3.533410e+04 2.487367e+04 0.703957
1.195800 5.331378e-03 3.478679e+04 2.447958e+04 0.703703
1.200400 5.372439e-03 3.424996e+04 2.409316e+04 0.703451
1.205000 5.413658e-03 3.372337e+04 2.371426e+04 0.703200
1.209600 5.455033e-03 3.320679e+04 2.334268e+04 0.702949
1.214200 5.496566e-03 3.269999e+04 2.297827e+04 0.702700
1.218800 5.538255e-03 3.220275e+04 2.262086e+04 0.702451
1.223400 5.580102e-03 3.171485e+04 2.227028e+04 0.702204
1.228000 5.622106e-03 3.123610e+04 2.192639e+04 0.701957
1.232600 5.664267e-03 3.076627e+04 2.158904e+04 0.701711
1.237200 5.706585e-03 3.030518e+04 2.125807e+04 0.701466
1.241800 5.749060e-03 2.985262e+04 2.093334e+04 0.701223
1.246400 5.791692e-03 2.940842e+04 2.061471e+04 0.700980
1.251000 5.834481e-03 2.897239e+04 2.030204e+04 0.700738
1.255600 5.877427e-03 2.854434e+04 1.999521e+04 0.700497
1.260200 5.920530e-03 2.812411e+04 1.969408e+04 0.700256
1.264800 5.963790e-03 2.771152e+04 1.939853e+04 0.700017
1.269400 6.007208e-03 2.730641e+04 1.910844e+04 0.699778
1.274000 6.050782e-03 2.690862e+04 1.882368e+04 0.699541
1.278600 6.094513e-03 2.651798e+04 1.854413e+04 0.699304
1.283200 6.138401e-03 2.613435e+04 1.826969e+04 0.699068
1.287800 6.182447e-03 2.575757e+04 1.800025e+04 0.698833
1.292400 6.226649e-03 2.538751e+04 1.773569e+04 0.698599
1.297000 6.271008e-03 2.502401e+04 1.747591e+04 0.698366
1.301600 6.315524e-03 2.466694e+04 1.722081e+04 0.698133
1.306200 6.360197e-03 2.431616e+04 1.697029e+04 0.697902
1.310800 6.405028e-03 2.397155e+04 1.672425e+04 0.697671
1.315400 6.450015e-03 2.363296e+04 1.648259e+04 0.697441
1.320000 6.495159e-03 2.330028e+04 1.624522e+04 0.697212
1.324600 6.540460e-03 2.297338e+04 1.601206e+04 0.696983
1.329200 6.585918e-03 2.265215e+04 1.578301e+04 0.696756
1.333800 6.631533e-03 2.233646e+04 1.555799e+04 0.696529
1.338400 6.677304e-03 2.202620e+04 1.533690e+04 0.696303
1.343000 6.723233e-03 2.172126e+04 1.511968e+04 0.696078
1.347600 6.769319e-03 2.142154e+04 1.490624e+04 0.695853
1.352200 6.815561e-03 2.112692e+04 1.469651e+04 0.695629
1.356800 6.861960e-03 2.083730e+04 1.449040e+04 0.695407
1.361400 6.908517e-03 2.055259e+04 1.428784e+04 0.695184
1.366000 6.955230e-03 2.027267e+04 1.408876e+04 0.694963
1.370600 7.002100e-03 1.999746e+04 1.389308e+04 0.694742
1.375200 7.049127e-03 1.972686e+04 1.370075e+04 0.694523
1.379800 7.096311e-03 1.946078e+04 1.351169e+04 0.694303
1.384400 7.143651e-03 1.919913e+04 1.332583e+04 0.694085
1.389000 7.191149e-03 1.894182e+04 1.314311e+04 0.693867
1.393600 7.238803e-03 1.868876e+04 1.296347e+04 0.693651
1.398200 7.286614e-03 1.843988e+04 1.278685e+04 0.693434
1.402800 7.334582e-03 1.819509e+04 1.261318e+04 0.693219
1.407400 7.382707e-03 1.795430e+04 1.244240e+04 0.693004
1.412000 7.430988e-03 1.771745e+04 1.227447e+04 0.692790
1.416600 7.479427e-03 1.748445e+04 1.210932e+04 0.692577
1.421200 7.528022e-03 1.725523e+04 1.194690e+04 0.692364
1.425800 7.576774e-03 1.702971e+04 1.178715e+04 0.692152
1.430400 7.625683e-03 1.680784e+04 1.163003e+04 0.691941
1.435000 7.674748e-03 1.658952e+04 1.147548e+04 0.691730
1.439600 7.723970e-03 1.637471e+04 1.132345e+04 0.691521
1.444200 7.773349e-03 1.616332e+04 1.117389e+04 0.691311
1.448800 7.822885e-03 1.595530e+04 1.102676e+04 0.691103
1.453400 7.872578e-03 1.575058e+04 1.088200e+04 0.690895
1.458000 7.922427e-03 1.554910e+04 1.073958e+04 0.690688
1.462600 7.972433e-03 1.535080e+04 1.059944e+04 0.690481
1.467200 8.022596e-03 1.515562e+04 1.046155e+04 0.690276
1.471800 8.072915e-03 1.496349e+04 1.032586e+04 0.690070
1.476400 8.123391e-03 1.477437e+04 1.019233e+04 0.689866
1.481000 8.174024e-03 1.458820e+04 1.006092e+04 0.689662
1.485600 8.224814e-03 1.440491e+04 9.931591e+03 0.689459
1.490200 8.275760e-03 1.422447e+04 9.804300e+03 0.689256
1.494800 8.326863e-03 1.404681e+04 9.679010e+03 0.689054
1.499400 8.378122e-03 1.387188e+04 9.555684e+03 0.688853
1.504000 8.429539e-03 1.369964e+04 9.434286e+03 0.688652
1.508600 8.481111e-03 1.353004e+04 9.314780e+03 0.688452
1.513200 8.532841e-03 1.336302e+04 9.197131e+03 0.688252
1.517800 8.584727e-03 1.319854e+04 9.081305e+03 0.688054
1.522400 8.636770e-03 1.303656e+04 8.967268e+03 0.687855
1.527000 8.688969e-03 1.287703e+04 8.854987e+03 0.687658
1.531600 8.741325e-03 1.271990e+04 8.744430e+03 0.687461
1.536200 8.793838e-03 1.256513e+04 8.635566e+03 0.687264
1.540800 8.846507e-03 1.241269e+04 8.528364e+03 0.687068
1.545400 8.899333e-03 1.226252e+04 8.422794e+03 0.686873
1.550000 8.952315e-03 1.211459e+04 8.318826e+03 0.686679
1.554600 9.005454e-03 1.196885e+04 8.216432e+03 0.686484
1.559200 9.058750e-03 1.182528e+04 8.115583e+03 0.686291
1.563800 9.112202e-03 1.168383e+04 8.016251e+03 0.686098
1.568400 9.165810e-03 1.154446e+04 7.918410e+03 0.685906
1.573000 9.219575e-03 1.140714e+04 7.822033e+03 0.685714
1.577600 9.273497e-03 1.127182e+04 7.727093e+03 0.685523
1.582200 9.327575e-03 1.113849e+04 7.633566e+03 0.685332
1.586800 9.381810e-03 1.100710e+04 7.541427e+03 0.685142
1.591400 9.436201e-03 1.087761e+04 7.450650e+03 0.684953
1.596000 9.490749e-03 1.075000e+04 7.361212e+03 0.684764
1.600600 9.545453e-03 1.062423e+04 7.273090e+03 0.684575
1.605200 9.600314e-03 1.050028e+04 7.186261e+03 0.684388
1.609800 9.655331e-03 1.037810e+04 7.100701e+03 0.684200
1.614400 9.710505e-03 1.025768e+04 7.016390e+03 0.684014
1.619000 9.765835e-03 1.013897e+04 6.933305e+03 0.683827
1.623600 9.821322e-03 1.002195e+04 6.851425e+03 0.683642
1.628200 9.876965e-03 9.906598e+03 6.770730e+03 0.683457
1.632800 9.932764e-03 9.792877e+03 6.691199e+03 0.683272
1.637400 9.988720e-03 9.680762e+03 6.612813e+03 0.683088
1.642000 1.004483e-02 9.570226e+03 6.535551e+03 0.682905
1.646600 1.010110e-02 9.461243e+03 6.459394e+03 0.682722
1.651200 1.015753e-02 9.353786e+03 6.384325e+03 0.682539
1.655800 1.021411e-02 9.247831e+03 6.310323e+03 0.682357
1.660400 1.027085e-02 9.143352e+03 6.237372e+03 0.682176
1.665000 1.032774e-02 9.040325e+03 6.165454e+03 0.681995
1.669600 1.038479e-02 8.938725e+03 6.094551e+03 0.681814
1.674200 1.044200e-02 8.838530e+03 6.024646e+03 0.681634
1.678800 1.049936e-02 8.739715e+03 5.955723e+03 0.681455
1.683400 1.055688e-02 8.642259e+03 5.887765e+03 0.681276
1.688000 1.061456e-02 8.546139e+03 5.820756e+03 0.681098
1.692600 1.067239e-02 8.451334e+03 5.754680e+03 0.680920
1.697200 1.073038e-02 8.357821e+03 5.689523e+03 0.680742
1.701800 1.078852e-02 8.265580e+03 5.625268e+03 0.680565
1.706400 1.084682e-02 8.174591e+03 5.561902e+03 0.680389
1.711000 1.090528e-02 8.084833e+03 5.499409e+03 0.680213
1.715600 1.096389e-02 7.996286e+03 5.437775e+03 0.680038
1.720200 1.102266e-02 7.908931e+03 5.376986e+03 0.679863
1.724800 1.108159e-02 7.822748e+03 5.317029e+03 0.679688
1.729400 1.114067e-02 7.737720e+03 5.257889e+03 0.679514
1.734000 1.119991e-02 7.653827e+03 5.199555e+03 0.679340
1.738600 1.125931e-02 7.571052e+03 5.142011e+03 0.679167
1.743200 1.131886e-02 7.489377e+03 5.085247e+03 0.678995
1.747800 1.137857e-02 7.408784e+03 5.029250e+03 0.678823
1.752400 1.143843e-02 7.329256e+03 4.974006e+03 0.678651
1.757000 1.149845e-02 7.250777e+03 4.919505e+03 0.678480
1.761600 1.155863e-02 7.173331e+03 4.865734e+03 0.678309
1.766200 1.161896e-02 7.096900e+03 4.812681e+03 0.678139
1.770800 1.167945e-02 7.021469e+03 4.760336e+03 0.677969
1.775400 1.174009e-02 6.947023e+03 4.708687e+03 0.677799
1.780000 1.180089e-02 6.873546e+03 4.657723e+03 0.677630
1.784600 1.186185e-02 6.801024e+03 4.607433e+03 0.677462
1.789200 1.192296e-02 6.729441e+03 4.557807e+03 0.677294
1.793800 1.198423e-02 6.658783e+03 4.508835e+03 0.677126
1.798400 1.204566e-02 6.589035e+03 4.460505e+03 0.676959
1.803000 1.210724e-02 6.520185e+03 4.412809e+03 0.676792
1.807600 1.216898e-02 6.452217e+03 4.365736e+03 0.676626
1.812200 1.223087e-02 6.385119e+03 4.319277e+03 0.676460
1.816800 1.229292e-02 6.318878e+03 4.273422e+03 0.676294
1.821400 1.235513e-02 6.253480e+03 4.228161e+03 0.676129
1.826000 1.241749e-02 6.188913e+03 4.183487e+03 0.675965
1.830600 1.248001e-02 6.125163e+03 4.139389e+03 0.675801
1.835200 1.254268e-02 6.062219e+03 4.095858e+03 0.675637
1.839800 1.260551e-02 6.000069e+03 4.052888e+03 0.675473
1.844400 1.266850e-02 5.938701e+03 4.010467e+03 0.675311
1.849000 1.273164e-02 5.878102e+03 3.968589e+03 0.675148
1.853600 1.279494e-02 5.818263e+03 3.927245e+03 0.674986
1.858200 1.285839e-02 5.759170e+03 3.886427e+03 0.674824
1.862800 1.292200e-02 5.700813e+03 3.846128e+03 0.674663
1.867400 1.298577e-02 5.643182e+03 3.806338e+03 0.674502
1.872000 1.304969e-02 5.586265e+03 3.767051e+03 0.674342
1.876600 1.311377e-02 5.530052e+03 3.728259e+03 0.674182
1.881200 1.317800e-02 5.474533e+03 3.689955e+03 0.674022
1.885800 1.324239e-02 5.419697e+03 3.652131e+03 0.673863
1.890400 1.330694e-02 5.365534e+03 3.614781e+03 0.673704
1.895000 1.337164e-02 5.312035e+03 3.577897e+03 0.673545
1.899600 1.343649e-02 5.259190e+03 3.541472e+03 0.673387
1.904200 1.350151e-02 5.206989e+03 3.505500e+03 0.673230
1.908800 1.356668e-02 5.155424e+03 3.469973e+03 0.673072
1.913400 1.363200e-02 5.104484e+03 3.434886e+03 0.672916
1.918000 1.369748e-02 5.054161e+03 3.400232e+03 0.672759
1.922600 1.376312e-02 5.004446e+03 3.366005e+03 0.672603
1.927200 1.382891e-02 4.955330e+03 3.332197e+03 0.672447
1.931800 1.389486e-02 4.906805e+03 3.298805e+03 0.672292
1.936400 1.396097e-02 4.858862e+03 3.265820e+03 0.672137
1.941000 1.402723e-02 4.811492e+03 3.233237e+03 0.671982
1.945600 1.409364e-02 4.764689e+03 3.201052e+03 0.671828
1.950200 1.416022e-02 4.718443e+03 3.169256e+03 0.671674
1.954800 1.422694e-02 4.672747e+03 3.137846e+03 0.671521
1.959400 1.429383e-02 4.627593e+03 3.106816e+03 0.671368
1.964000 1.436087e-02 4.582974e+03 3.076160e+03 0.671215
1.968600 1.442806e-02 4.538881e+03 3.045873e+03 0.671063
1.973200 1.449541e-02 4.495307e+03 3.015949e+03 0.670911
1.977800 1.456292e-02 4.452246e+03 2.986384e+03 0.670759
1.982400 1.463058e-02 4.409690e+03 2.957172e+03 0.670608
1.987000 1.469840e-02 4.367632e+03 2.928308e+03 0.670457
1.991600 1.476637e-02 4.326064e+03 2.899788e+03 0.670306
1.996200 1.483450e-02 4.284982e+03 2.871606e+03 0.670156
2.000800 1.490279e-02 4.244376e+03 2.843758e+03 0.670006
2.005400 1.497123e-02 4.204242e+03 2.816239e+03 0.669857
2.010000 1.503982e-02 4.164572e+03 2.789045e+03 0.669707
2.014600 1.510858e-02 4.125360e+03 2.762170e+03 0.669559
2.019200 1.517748e-02 4.086599e+03 2.735612e+03 0.669410
2.023800 1.524655e-02 4.048285e+03 2.709364e+03 0.669262
2.028400 1.531577e-02 4.010409e+03 2.683423e+03 0.669114
2.033000 1.538514e-02 3.972968e+03 2.657785e+03 0.668967
2.037600 1.545467e-02 3.935954e+03 2.632445e+03 0.668820
2.042200 1.552436e-02 3.899361e+03 2.607399e+03 0.668673
2.046800 1.559420e-02 3.863185e+03 2.582643e+03 0.668527
2.051400 1.566420e-02 3.827419e+03 2.558174e+03 0.668381
2.056000 1.573435e-02 3.792059e+03 2.533987e+03 0.668235
2.060600 1.580466e-02 3.757097e+03 2.510079e+03 0.668090
2.065200 1.587512e-02 3.722530e+03 2.486445e+03 0.667945
2.069800 1.594574e-02 3.688352e+03 2.463082e+03 0.667800
2.074400 1.601651e-02 3.654557e+03 2.439986e+03 0.667656
2.079000 1.608745e-02 3.621141e+03 2.417154e+03 0.667512
2.083600 1.615853e-02 3.588098e+03 2.394582e+03 0.667368
2.088200 1.622977e-02 3.555424e+03 2.372267e+03 0.667225
2.092800 1.630117e-02 3.523113e+03 2.350204e+03 0.667082
2.097400 1.637272e-02 3.491162e+03 2.328392e+03 0.666939
2.102000 1.644443e-02 3.459564e+03 2.306825e+03 0.666796
2.106600 1.651629e-02 3.428316e+03 2.285502e+03 0.666654
2.111200 1.658831e-02 3.397413e+03 2.264419e+03 0.666513
2.115800 1.666048e-02 3.366850e+03 2.243572e+03 0.666371
2.120400 1.673281e-02 3.336623e+03 2.222959e+03 0.666230
2.125000 1.680530e-02 3.306727e+03 2.202576e+03 0.666089
2.129600 1.687794e-02 3.277159e+03 2.182420e+03 0.665949
2.134200 1.695074e-02 3.247914e+03 2.162489e+03 0.665809
2.138800 1.702369e-02 3.218987e+03 2.142779e+03 0.665669
2.143400 1.709679e-02 3.190375e+03 2.123287e+03 0.665529
2.148000 1.717005e-02 3.162073e+03 2.104012e+03 0.665390
2.152600 1.724347e-02 3.134078e+03 2.084949e+03 0.665251
2.157200 1.731704e-02 3.106386e+03 2.066096e+03 0.665112
2.161800 1.739077e-02 3.078992e+03 2.047450e+03 0.664974
2.166400 1.746465e-02 3.051893e+03 2.029009e+03 0.664836
2.171000 1.753869e-02 3.025086e+03 2.010769e+03 0.664698
2.175600 1.761289e-02 2.998566e+03 1.992729e+03 0.664561
2.180200 1.768724e-02 2.972329e+03 1.974886e+03 0.664424
2.184800 1.776174e-02 2.946373e+03 1.957237e+03 0.664287
2.189400 1.783640e-02 2.920693e+03 1.939779e+03 0.664150
2.194000 1.791121e-02 2.895287e+03 1.922511e+03 0.664014
2.198600 1.798618e-02 2.870150e+03 1.905430e+03 0.663878
2.203200 1.806131e-02 2.845279e+03 1.888533e+03 0.663743
2.207800 1.813659e-02 2.820671e+03 1.871818e+03 0.663607
2.212400 1.821202e-02 2.796323e+03 1.855282e+03 0.663472
2.217000 1.828762e-02 2.772231e+03 1.838924e+03 0.663337
2.221600 1.836336e-02 2.748392e+03 1.822742e+03 0.663203
2.226200 1.843926e-02 2.724804e+03 1.806732e+03 0.663069
2.230800 1.851532e-02 2.701462e+03 1.790893e+03 0.662935
2.235400 1.859153e-02 2.678364e+03 1.775223e+03 0.662801
2.240000 1.866790e-02 2.655507e+03 1.759719e+03 0.662668
2.244600 1.874442e-02 2.632887e+03 1.744380e+03 0.662535
2.249200 1.882109e-02 2.610503e+03 1.729202e+03 0.662402
2.253800 1.889793e-02 2.588351e+03 1.714186e+03 0.662270
2.258400 1.897491e-02 2.566427e+03 1.699327e+03 0.662137
2.263000 1.905206e-02 2.544730e+03 1.684625e+03 0.662005
2.267600 1.912935e-02 2.523257e+03 1.670077e+03 0.661874
2.272200 1.920680e-02 2.502004e+03 1.655682e+03 0.661742
2.276800 1.928441e-02 2.480969e+03 1.641437e+03 0.661611
2.281400 1.936217e-02 2.460150e+03 1.627341e+03 0.661480
2.286000 1.944009e-02 2.439544e+03 1.613392e+03 0.661350
2.290600 1.951816e-02 2.419148e+03 1.599588e+03 0.661220
2.295200 1.959639e-02 2.398960e+03 1.585927e+03 0.661090
2.299800 1.967477e-02 2.378977e+03 1.572408e+03 0.660960
2.304400 1.975331e-02 2.359197e+03 1.559029e+03 0.660830
2.309000 1.983200e-02 2.339617e+03 1.545787e+03 0.660701
2.313600 1.991085e-02 2.320234e+03 1.532682e+03 0.660572
2.318200 1.998985e-02 2.301048e+03 1.519712e+03 0.660444
2.322800 2.006901e-02 2.282054e+03 1.506875e+03 0.660315
2.327400 2.014832e-02 2.263252e+03 1.494170e+03 0.660187
2.332000 2.022779e-02 2.244638e+03 1.481594e+03 0.660059
2.336600 2.030741e-02 2.226210e+03 1.469146e+03 0.659932
2.341200 2.038718e-02 2.207967e+03 1.456826e+03 0.659804
2.345800 2.046712e-02 2.189905e+03 1.444630e+03 0.659677
2.350400 2.054720e-02 2.172024e+03 1.432559e+03 0.659550
2.355000 2.062744e-02 2.154320e+03 1.420609e+03 0.659424
2.359600 2.070784e-02 2.136791e+03 1.408781e+03 0.659297
2.364200 2.078839e-02 2.119436e+03 1.397072e+03 0.659171
2.368800 2.086909e-02 2.102253e+03 1.385480e+03 0.659045
2.373400 2.094995e-02 2.085239e+03 1.374006e+03 0.658920
2.378000 2.103097e-02 2.068393e+03 1.362646e+03 0.658795
2.382600 2.111214e-02 2.051712e+03 1.351400e+03 0.658670
2.387200 2.119346e-02 2.035195e+03 1.340267e+03 0.658545
2.391800 2.127494e-02 2.018839e+03 1.329244e+03 0.658420
2.396400 2.135658e-02 2.002643e+03 1.318332e+03 0.658296
2.401000 2.143837e-02 1.986606e+03 1.307528e+03 0.658172
2.405600 2.152031e-02 1.970724e+03 1.296831e+03 0.658048
2.410200 2.160241e-02 1.954997e+03 1.286240e+03 0.657924
2.414800 2.168466e-02 1.939422e+03 1.275754e+03 0.657801
2.419400 2.176707e-02 1.923999e+03 1.265372e+03 0.657678
2.424000 2.184963e-02 1.908724e+03 1.255091e+03 0.657555
2.428600 2.193235e-02 1.893597e+03 1.244912e+03 0.657433
2.433200 2.201522e-02 1.878615e+03 1.234833e+03 0.657310
2.437800 2.209824e-02 1.863777e+03 1.224852e+03 0.657188
2.442400 2.218142e-02 1.849082e+03 1.214970e+03 0.657066
2.447000 2.226476e-02 1.834528e+03 1.205183e+03 0.656945
2.451600 2.234825e-02 1.820113e+03 1.195492e+03 0.656823
2.456200 2.243189e-02 1.805835e+03 1.185896e+03 0.656702
2.460800 2.251569e-02 1.791694e+03 1.176392e+03 0.656581
2.465400 2.259965e-02 1.777686e+03 1.166981e+03 0.656460
2.470000 2.268375e-02 1.763812e+03 1.157661e+03 0.656340
2.474600 2.276802e-02 1.750070e+03 1.148431e+03 0.656220
2.479200 2.285243e-02 1.736457e+03 1.139289e+03 0.656100
2.483800 2.293701e-02 1.722973e+03 1.130236e+03 0.655980
2.488400 2.302173e-02 1.709616e+03 1.121270e+03 0.655861
2.493000 2.310661e-02 1.696385e+03 1.112390e+03 0.655741
2.497600 2.319165e-02 1.683278e+03 1.103595e+03 0.655622
2.502200 2.327684e-02 1.670295e+03 1.094884e+03 0.655503
2.506800 2.336218e-02 1.657432e+03 1.086256e+03 0.655385
2.511400 2.344768e-02 1.644690e+03 1.077710e+03 0.655266
2.516000 2.353333e-02 1.632067e+03 1.069246e+03 0.655148
2.520600 2.361914e-02 1.619561e+03 1.060862e+03 0.655030
2.525200 2.370510e-02 1.607172e+03 1.052557e+03 0.654913
2.529800 2.379121e-02 1.594897e+03 1.044331e+03 0.654795
2.534400 2.387748e-02 1.582736e+03 1.036183e+03 0.654678
2.539000 2.396391e-02 1.570688e+03 1.028111e+03 0.654561
2.543600 2.405049e-02 1.558751e+03 1.020115e+03 0.654444
2.548200 2.413722e-02 1.546924e+03 1.012195e+03 0.654327
2.552800 2.422411e-02 1.535206e+03 1.004349e+03 0.654211
2.557400 2.431115e-02 1.523596e+03 9.965761e+02 0.654095
2.562000 2.439835e-02 1.512092e+03 9.888761e+02 0.653979
2.566600 2.448570e-02 1.500693e+03 9.812479e+02 0.653863
2.571200 2.457320e-02 1.489398e+03 9.736908e+02 0.653748
2.575800 2.466086e-02 1.478207e+03 9.662040e+02 0.653632
2.580400 2.474867e-02 1.467117e+03 9.587866e+02 0.653517
2.585000 2.483664e-02 1.456129e+03 9.514381e+02 0.653403
2.589600 2.492476e-02 1.445240e+03 9.441575e+02 0.653288
2.594200 2.501304e-02 1.434449e+03 9.369442e+02 0.653173
2.598800 2.510147e-02 1.423757e+03 9.297975e+02 0.653059
2.603400 2.519005e-02 1.413161e+03 9.227165e+02 0.652945
2.608000 2.527879e-02 1.402660e+03 9.157006e+02 0.652831
2.612600 2.536768e-02 1.392254e+03 9.087491e+02 0.652718
2.617200 2.545673e-02 1.381942e+03 9.018612e+02 0.652604
2.621800 2.554593e-02 1.371722e+03 8.950364e+02 0.652491
2.626400 2.563528e-02 1.361593e+03 8.882739e+02 0.652378
2.631000 2.572479e-02 1.351555e+03 8.815730e+02 0.652266
2.635600 2.581445e-02 1.341607e+03 8.749331e+02 0.652153
2.640200 2.590427e-02 1.331748e+03 8.683536e+02 0.652041
2.644800 2.599424e-02 1.321976e+03 8.618337e+02 0.651928
2.649400 2.608436e-02 1.312291e+03 8.553728e+02 0.651817
2.654000 2.617464e-02 1.302692e+03 8.489704e+02 0.651705
2.658600 2.626508e-02 1.293178e+03 8.426258e+02 0.651593
2.663200 2.635566e-02 1.283747e+03 8.363383e+02 0.651482
2.667800 2.644640e-02 1.274401e+03 8.301074e+02 0.651371
2.672400 2.653730e-02 1.265136e+03 8.239325e+02 0.651260
2.677000 2.662835e-02 1.255953e+03 8.178129e+02 0.651149
2.681600 2.671955e-02 1.246851e+03 8.117481e+02 0.651039
2.686200 2.681091e-02 1.237828e+03 8.057376e+02 0.650928
2.690800 2.690242e-02 1.228885e+03 7.997807e+02 0.650818
2.695400 2.699408e-02 1.220020e+03 7.938768e+02 0.650708
2.700000 2.708590e-02 1.211232e+03 7.880255e+02 0.650598
2.704600 2.717787e-02 1.202520e+03 7.822261e+02 0.650489
2.709200 2.727000e-02 1.193885e+03 7.764782e+02 0.650380
2.713800 2.736228e-02 1.185324e+03 7.707811e+02 0.650270
2.718400 2.745471e-02 1.176838e+03 7.651345e+02 0.650161
2.723000 2.754730e-02 1.168425e+03 7.595376e+02 0.650053
2.727600 2.764004e-02 1.160084e+03 7.539900e+02 0.649944
2.732200 2.773293e-02 1.151816e+03 7.484913e+02 0.649836
2.736800 2.782598e-02 1.143619e+03 7.430408e+02 0.649728
2.741400 2.791918e-02 1.135493e+03 7.376382e+02 0.649620
2.746000 2.801254e-02 1.127436e+03 7.322828e+02 0.649512
2.750600 2.810605e-02 1.119448e+03 7.269743e+02 0.649404
2.755200 2.819971e-02 1.111529e+03 7.217121e+02 0.649297
2.759800 2.829353e-02 1.103677e+03 7.164957e+02 0.649189
2.764400 2.838750e-02 1.095893e+03 7.113247e+02 0.649082
2.769000 2.848163e-02 1.088175e+03 7.061987e+02 0.648976
2.773600 2.857590e-02 1.080522e+03 7.011171e+02 0.648869
2.778200 2.867034e-02 1.072934e+03 6.960795e+02 0.648762
2.782800 2.876492e-02 1.065411e+03 6.910854e+02 0.648656
2.787400 2.885966e-02 1.057952e+03 6.861345e+02 0.648550
2.792000 2.895455e-02 1.050555e+03 6.812263e+02 0.648444
2.796600 2.904960e-02 1.043221e+03 6.763603e+02 0.648338
2.801200 2.914480e-02 1.035949e+03 6.715361e+02 0.648233
2.805800 2.924015e-02 1.028738e+03 6.667532e+02 0.648127
2.810400 2.933566e-02 1.021588e+03 6.620114e+02 0.648022
2.815000 2.943132e-02 1.014497e+03 6.573101e+02 0.647917
2.819600 2.952714e-02 1.007466e+03 6.526490e+02 0.647812
2.824200 2.962310e-02 1.000494e+03 6.480276e+02 0.647707
2.828800 2.971922e-02 9.935803e+02 6.434456e+02 0.647603
2.833400 2.981550e-02 9.867241e+02 6.389025e+02 0.647499
2.838000 2.991193e-02 9.799248e+02 6.343980e+02 0.647395
2.842600 3.000851e-02 9.731822e+02 6.299316e+02 0.647291
2.847200 3.010524e-02 9.664955e+02 6.255031e+02 0.647187
2.851800 3.020213e-02 9.598642e+02 6.211119e+02 0.647083
2.856400 3.029917e-02 9.532878e+02 6.167579e+02 0.646980
2.861000 3.039637e-02 9.467657e+02 6.124405e+02 0.646876
2.865600 3.049372e-02 9.402975e+02 6.081594e+02 0.646773
2.870200 3.059122e-02 9.338825e+02 6.039143e+02 0.646670
2.874800 3.068887e-02 9.275203e+02 5.997047e+02 0.646568
2.879400 3.078668e-02 9.212104e+02 5.955304e+02 0.646465
2.884000 3.088464e-02 9.149522e+02 5.913911e+02 0.646363
2.888600 3.098276e-02 9.087453e+02 5.872863e+02 0.646261
2.893200 3.108103e-02 9.025891e+02 5.832157e+02 0.646159
2.897800 3.117945e-02 8.964832e+02 5.791790e+02 0.646057
2.902400 3.127802e-02 8.904271e+02 5.751758e+02 0.645955
2.907000 3.137675e-02 8.844203e+02 5.712059e+02 0.645853
2.911600 3.147563e-02 8.784623e+02 5.672689e+02 0.645752
2.916200 3.157467e-02 8.725526e+02 5.633644e+02 0.645651
2.920800 3.167386e-02 8.666909e+02 5.594922e+02 0.645550
2.925400 3.177320e-02 8.608766e+02 5.556520e+02 0.645449
2.930000 3.187269e-02 8.551093e+02 5.518433e+02 0.645348
2.934600 3.197234e-02 8.493885e+02 5.480661e+02 0.645248
2.939200 3.207214e-02 8.437138e+02 5.443198e+02 0.645147
2.943800 3.217209e-02 8.380848e+02 5.406043e+02 0.645047
2.948400 3.227220e-02 8.325010e+02 5.369192e+02 0.644947
2.953000 3.237246e-02 8.269620e+02 5.332643e+02 0.644847
2.957600 3.247287e-02 8.214674e+02 5.296392e+02 0.644748
2.962200 3.257344e-02 8.160167e+02 5.260436e+02 0.644648
2.966800 3.267416e-02 8.106095e+02 5.224774e+02 0.644549
2.971400 3.277503e-02 8.052455e+02 5.189401e+02 0.644450
2.976000 3.287605e-02 7.999242e+02 5.154316e+02 0.644351
2.980600 3.297723e-02 7.946452e+02 5.119515e+02 0.644252
2.985200 3.307856e-02 7.894082e+02 5.084996e+02 0.644153
2.989800 3.318005e-02 7.842126e+02 5.050755e+02 0.644054
2.994400 3.328168e-02 7.790583e+02 5.016792e+02 0.643956
2.999000 3.338347e-02 7.739446e+02 4.983102e+02 0.643858
3.003600 3.348542e-02 7.688714e+02 4.949684e+02 0.643760
3.008200 3.358751e-02 7.638381e+02 4.916533e+02 0.643662
3.012800 3.368976e-02 7.588445e+02 4.883650e+02 0.643564
3.017400 3.379216e-02 7.538902e+02 4.851029e+02 0.643466
3.022000 3.389472e-02 7.489747e+02 4.818670e+02 0.643369
3.026600 3.399742e-02 7.440978e+02 4.786569e+02 0.643272
3.031200 3.410028e-02 7.392590e+02 4.754725e+02 0.643174
3.035800 3.420330e-02 7.344581e+02 4.723135e+02 0.643077
3.040400 3.430646e-02 7.296947e+02 4.691796e+02 0.642981
3.045000 3.440978e-02 7.249684e+02 4.660706e+02 0.642884
3.049600 3.451325e-02 7.202789e+02 4.629862e+02 0.642787
3.054200 3.461688e-02 7.156259e+02 4.599264e+02 0.642691
3.058800 3.472065e-02 7.110090e+02 4.568907e+02 0.642595
3.063400 3.482458e-02 7.064279e+02 4.538791e+02 0.642499
3.068000 3.492866e-02 7.018822e+02 4.508912e+02 0.642403
3.072600 3.503290e-02 6.973717e+02 4.479268e+02 0.642307
3.077200 3.513729e-02 6.928960e+02 4.449858e+02 0.642212
3.081800 3.524183e-02 6.884548e+02 4.420679e+02 0.642116
3.086400 3.534652e-02 6.840478e+02 4.391729e+02 0.642021
3.091000 3.545137e-02 6.796747e+02 4.363006e+02 0.641926
3.095600 3.555636e-02 6.753352e+02 4.334508e+02 0.641831
3.100200 3.566151e-02 6.710289e+02 4.306233e+02 0.641736
3.104800 3.576682e-02 6.667556e+02 4.278178e+02 0.641641
3.109400 3.587227e-02 6.625150e+02 4.250342e+02 0.641547
3.114000 3.597788e-02 6.583067e+02 4.222723e+02 0.641452
3.118600 3.608364e-02 6.541306e+02 4.195318e+02 0.641358
3.123200 3.618956e-02 6.499862e+02 4.168126e+02 0.641264
3.127800 3.629562e-02 6.458734e+02 4.141145e+02 0.641170
3.132400 3.640184e-02 6.417918e+02 4.114373e+02 0.641076
3.137000 3.650821e-02 6.377411e+02 4.087808e+02 0.640982
3.141600 3.661474e-02 6.337212e+02 4.061448e+02 0.640889
3.146200 3.672141e-02 6.297316e+02 4.035292e+02 0.640795
3.150800 3.682824e-02 6.257722e+02 4.009336e+02 0.640702
3.155400 3.693522e-02 6.218426e+02 3.983581e+02 0.640609
3.160000 3.704235e-02 6.179426e+02 3.958023e+02 0.640516
3.164600 3.714964e-02 6.140720e+02 3.932660e+02 0.640423
3.169200 3.725708e-02 6.102304e+02 3.907493e+02 0.640331
3.173800 3.736467e-02 6.064177e+02 3.882518e+02 0.640238
3.178400 3.747241e-02 6.026335e+02 3.857733e+02 0.640146
3.183000 3.758031e-02 5.988776e+02 3.833138e+02 0.640054
3.187600 3.768835e-02 5.951498e+02 3.808730e+02 0.639962
3.192200 3.779655e-02 5.914499e+02 3.784508e+02 0.639870
3.196800 3.790490e-02 5.877774e+02 3.760470e+02 0.639778
3.201400 3.801341e-02 5.841324e+02 3.736614e+02 0.639686
3.206000 3.812206e-02 5.805144e+02 3.712939e+02 0.639595
3.210600 3.823087e-02 5.769233e+02 3.689443e+02 0.639503
3.215200 3.833983e-02 5.733588e+02 3.666125e+02 0.639412
3.219800 3.844895e-02 5.698206e+02 3.642982e+02 0.639321
3.224400 3.855821e-02 5.663087e+02 3.620014e+02 0.639230
3.229000 3.866763e-02 5.628227e+02 3.597220e+02 0.639139
3.233600 3.877720e-02 5.593623e+02 3.574596e+02 0.639048
3.238200 3.888692e-02 5.559275e+02 3.552142e+02 0.638958
3.242800 3.899679e-02 5.525179e+02 3.529857e+02 0.638867
3.247400 3.910682e-02 5.491334e+02 3.507739e+02 0.638777
3.252000 3.921700e-02 5.457737e+02 3.485785e+02 0.638687
3.256600 3.932733e-02 5.424386e+02 3.463996e+02 0.638597
3.261200 3.943781e-02 5.391279e+02 3.442370e+02 0.638507
3.265800 3.954844e-02 5.358414e+02 3.420904e+02 0.638417
3.270400 3.965923e-02 5.325789e+02 3.399599e+02 0.638328
3.275000 3.977017e-02 5.293401e+02 3.378451e+02 0.638238
3.279600 3.988126e-02 5.261250e+02 3.357461e+02 0.638149
3.284200 3.999250e-02 5.229332e+02 3.336626e+02 0.638060
3.288800 4.010389e-02 5.197645e+02 3.315945e+02 0.637971
3.293400 4.021544e-02 5.166189e+02 3.295418e+02 0.637882
3.298000 4.032714e-02 5.134960e+02 3.275041e+02 0.637793
3.302600 4.043899e-02 5.103957e+02 3.254815e+02 0.637704
3.307200 4.055099e-02 5.073178e+02 3.234738e+02 0.637616
3.311800 4.066314e-02 5.042622e+02 3.214809e+02 0.637527
3.316400 4.077545e-02 5.012285e+02 3.195026e+02 0.637439
3.321000 4.088791e-02 4.982166e+02 3.175388e+02 0.637351
3.325600 4.100051e-02 4.952264e+02 3.155894e+02 0.637263
3.330200 4.111327e-02 4.922577e+02 3.136543e+02 0.637175
3.334800 4.122619e-02 4.893102e+02 3.117333e+02 0.637087
3.339400 4.133925e-02 4.863839e+02 3.098263e+02 0.637000
3.344000 4.145247e-02 4.834784e+02 3.079333e+02 0.636912
3.348600 4.156584e-02 4.805937e+02 3.060540e+02 0.636825
3.353200 4.167936e-02 4.777296e+02 3.041883e+02 0.636737
3.357800 4.179303e-02 4.748859e+02 3.023363e+02 0.636650
3.362400 4.190685e-02 4.720624e+02 3.004976e+02 0.636563
3.367000 4.202082e-02 4.692589e+02 2.986723e+02 0.636477
3.371600 4.213495e-02 4.664754e+02 2.968602e+02 0.636390
3.376200 4.224923e-02 4.637116e+02 2.950612e+02 0.636303
3.380800 4.236366e-02 4.609674e+02 2.932751e+02 0.636217
3.385400 4.247824e-02 4.582425e+02 2.915020e+02 0.636130
3.390000 4.259297e-02 4.555369e+02 2.897416e+02 0.636044
3.394600 4.270786e-02 4.528504e+02 2.879938e+02 0.635958
3.399200 4.282289e-02 4.501828e+02 2.862586e+02 0.635872
3.403800 4.293808e-02 4.475339e+02 2.845359e+02 0.635786
3.408400 4.305342e-02 4.449037e+02 2.828255e+02 0.635700
3.413000 4.316891e-02 4.422919e+02 2.811273e+02 0.635615
3.417600 4.328455e-02 4.396985e+02 2.794413e+02 0.635529
3.422200 4.340034e-02 4.371231e+02 2.777673e+02 0.635444
3.426800 4.351629e-02 4.345658e+02 2.761052e+02 0.635359
3.431400 4.363238e-02 4.320264e+02 2.744550e+02 0.635274
3.436000 4.374863e-02 4.295046e+02 2.728165e+02 0.635189
3.440600 4.386503e-02 4.270005e+02 2.711896e+02 0.635104
3.445200 4.398158e-02 4.245137e+02 2.695743e+02 0.635019
3.449800 4.409828e-02 4.220442e+02 2.679704e+02 0.634934
3.454400 4.421513e-02 4.195919e+02 2.663779e+02 0.634850
3.459000 4.433214e-02 4.171566e+02 2.647966e+02 0.634766
3.463600 4.444929e-02 4.147381e+02 2.632265e+02 0.634681
3.468200 4.456660e-02 4.123363e+02 2.616674e+02 0.634597
3.472800 4.468406e-02 4.099512e+02 2.601194e+02 0.634513
3.477400 4.480167e-02 4.075825e+02 2.585822e+02 0.634429
3.482000 4.491943e-02 4.052301e+02 2.570559e+02 0.634345
3.486600 4.503734e-02 4.028939e+02 2.555402e+02 0.634262
3.491200 4.515540e-02 4.005738e+02 2.540351e+02 0.634178
3.495800 4.527362e-02 3.982695e+02 2.525406e+02 0.634095
3.500400 4.539198e-02 3.959811e+02 2.510565e+02 0.634011
3.505000 4.551050e-02 3.937084e+02 2.495829e+02 0.633928
3.509600 4.562917e-02 3.914512e+02 2.481194e+02 0.633845
3.514200 4.574799e-02 3.892094e+02 2.466662e+02 0.633762
3.518800 4.586696e-02 3.869830e+02 2.452231e+02 0.633679
3.523400 4.598608e-02 3.847717e+02 2.437900e+02 0.633597
3.528000 4.610535e-02 3.825754e+02 2.423669e+02 0.633514
3.532600 4.622477e-02 3.803941e+02 2.409536e+02 0.633431
3.537200 4.634435e-02 3.782277e+02 2.395501e+02 0.633349
3.541800 4.646407e-02 3.760759e+02 2.381564e+02 0.633267
3.546400 4.658395e-02 3.739387e+02 2.367722e+02 0.633185
3.551000 4.670398e-02 3.718159e+02 2.353976e+02 0.633103
3.555600 4.682416e-02 3.697075e+02 2.340325e+02 0.633021
3.560200 4.694448e-02 3.676134e+02 2.326768e+02 0.632939
3.564800 4.706496e-02 3.655333e+02 2.313304e+02 0.632857
3.569400 4.718560e-02 3.634673e+02 2.299932e+02 0.632776
3.574000 4.730638e-02 3.614152e+02 2.286653e+02 0.632694
3.578600 4.742731e-02 3.593769e+02 2.273464e+02 0.632613
3.583200 4.754839e-02 3.573522e+02 2.260366e+02 0.632532
3.587800 4.766963e-02 3.553412e+02 2.247357e+02 0.632450
3.592400 4.779101e-02 3.533436e+02 2.234437e+02 0.632369
3.597000 4.791255e-02 3.513593e+02 2.221604e+02 0.632288
3.601600 4.803424e-02 3.493884e+02 2.208860e+02 0.632208
3.606200 4.815607e-02 3.474305e+02 2.196202e+02 0.632127
3.610800 4.827806e-02 3.454858e+02 2.183630e+02 0.632046
3.615400 4.840020e-02 3.435539e+02 2.171144e+02 0.631966
3.620000 4.852249e-02 3.416350e+02 2.158742e+02 0.631886
3.624600 4.864493e-02 3.397287e+02 2.146424e+02 0.631805
3.629200 4.876752e-02 3.378352e+02 2.134190e+02 0.631725
3.633800 4.889026e-02 3.359542e+02 2.122038e+02 0.631645
3.638400 4.901316e-02 3.340856e+02 2.109969e+02 0.631565
3.643000 4.913620e-02 3.322294e+02 2.097980e+02 0.631485
3.647600 4.925939e-02 3.303854e+02 2.086072e+02 0.631406
3.652200 4.938274e-02 3.285536e+02 2.074245e+02 0.631326
3.656800 4.950623e-02 3.267339e+02 2.062497e+02 0.631247
3.661400 4.962988e-02 3.249262e+02 2.050828e+02 0.631167
3.666000 4.975367e-02 3.231304e+02 2.039237e+02 0.631088
3.670600 4.987762e-02 3.213463e+02 2.027724e+02 0.631009
3.675200 5.000172e-02 3.195740e+02 2.016287e+02 0.630930
3.679800 5.012596e-02 3.178132e+02 2.004928e+02 0.630851
3.684400 5.025036e-02 3.160640e+02 1.993644e+02 0.630772
3.689000 5.037491e-02 3.143263e+02 1.982435e+02 0.630693
3.693600 5.049961e-02 3.125998e+02 1.971301e+02 0.630615
3.698200 5.062446e-02 3.108847e+02 1.960240e+02 0.630536
3.702800 5.074946e-02 3.091807e+02 1.949254e+02 0.630458
3.707400 5.087461e-02 3.074878e+02 1.938340e+02 0.630379
3.712000 5.099991e-02 3.058060e+02 1.927499e+02 0.630301
3.716600 5.112536e-02 3.041350e+02 1.916729e+02 0.630223
3.721200 5.125096e-02 3.024749e+02 1.906031e+02 0.630145
3.725800 5.137671e-02 3.008255e+02 1.895403e+02 0.630067
3.730400 5.150261e-02 2.991868e+02 1.884846e+02 0.629989
3.735000 5.162866e-02 2.975588e+02 1.874358e+02 0.629912
3.739600 5.175486e-02 2.959412e+02 1.863939e+02 0.629834
3.744200 5.188121e-02 2.943341e+02 1.853588e+02 0.629757
3.748800 5.200772e-02 2.927373e+02 1.843306e+02 0.629679
3.753400 5.213437e-02 2.911508e+02 1.833092e+02 0.629602
3.758000 5.226117e-02 2.895745e+02 1.822944e+02 0.629525
3.762600 5.238812e-02 2.880083e+02 1.812862e+02 0.629448
3.767200 5.251523e-02 2.864522e+02 1.802847e+02 0.629371
3.771800 5.264248e-02 2.849061e+02 1.792897e+02 0.629294
3.776400 5.276988e-02 2.833698e+02 1.783012e+02 0.629217
3.781000 5.289744e-02 2.818434e+02 1.773191e+02 0.629141
3.785600 5.302514e-02 2.803267e+02 1.763434e+02 0.629064
3.790200 5.315299e-02 2.788197e+02 1.753741e+02 0.628988
3.794800 5.328100e-02 2.773223e+02 1.744111e+02 0.628911
3.799400 5.340915e-02 2.758345e+02 1.734544e+02 0.628835
3.804000 5.353745e-02 2.743561e+02 1.725038e+02 0.628759
3.808600 5.366590e-02 2.728871e+02 1.715594e+02 0.628683
3.813200 5.379451e-02 2.714274e+02 1.706211e+02 0.628607
3.817800 5.392326e-02 2.699770e+02 1.696889e+02 0.628531
3.822400 5.405216e-02 2.685358e+02 1.687627e+02 0.628455
3.827000 5.418122e-02 2.671037e+02 1.678425e+02 0.628379
3.831600 5.431042e-02 2.656806e+02 1.669282e+02 0.628304
3.836200 5.443977e-02 2.642665e+02 1.660197e+02 0.628228
3.840800 5.456927e-02 2.628614e+02 1.651172e+02 0.628153
3.845400 5.469892e-02 2.614650e+02 1.642204e+02 0.628078
3.850000 5.482873e-02 2.600775e+02 1.633294e+02 0.628003
3.854600 5.495868e-02 2.586987e+02 1.624440e+02 0.627928
3.859200 5.508878e-02 2.573286e+02 1.615644e+02 0.627853
3.863800 5.521903e-02 2.559670e+02 1.606904e+02 0.627778
3.868400 5.534943e-02 2.546140e+02 1.598219e+02 0.627703
3.873000 5.547998e-02 2.532694e+02 1.589590e+02 0.627628
3.877600 5.561068e-02 2.519333e+02 1.581017e+02 0.627554
3.882200 5.574153e-02 2.506055e+02 1.572497e+02 0.627479
3.886800 5.587253e-02 2.492860e+02 1.564032e+02 0.627405
3.891400 5.600368e-02 2.479747e+02 1.555621e+02 0.627330
3.896000 5.613498e-02 2.466715e+02 1.547263e+02 0.627256
3.900600 5.626643e-02 2.453765e+02 1.538958e+02 0.627182
3.905200 5.639802e-02 2.440895e+02 1.530705e+02 0.627108
3.909800 5.652977e-02 2.428105e+02 1.522505e+02 0.627034
3.914400 5.666167e-02 2.415395e+02 1.514357e+02 0.626960
3.919000 5.679371e-02 2.402763e+02 1.506260e+02 0.626887
3.923600 5.692591e-02 2.390209e+02 1.498214e+02 0.626813
3.928200 5.705825e-02 2.377733e+02 1.490219e+02 0.626739
3.932800 5.719075e-02 2.365334e+02 1.482274e+02 0.626666
3.937400 5.732339e-02 2.353011e+02 1.474380e+02 0.626593
3.942000 5.745619e-02 2.340764e+02 1.466534e+02 0.626519
3.946600 5.758913e-02 2.328593e+02 1.458738e+02 0.626446
3.951200 5.772222e-02 2.316497e+02 1.450991e+02 0.626373
3.955800 5.785546e-02 2.304474e+02 1.443293e+02 0.626300
3.960400 5.798885e-02 2.292526e+02 1.435642e+02 0.626227
3.965000 5.812239e-02 2.280651e+02 1.428040e+02 0.626154
3.969600 5.825608e-02 2.268848e+02 1.420485e+02 0.626082
3.974200 5.838992e-02 2.257118e+02 1.412977e+02 0.626009
3.978800 5.852391e-02 2.245459e+02 1.405515e+02 0.625937
3.983400 5.865805e-02 2.233872e+02 1.398100e+02 0.625864
3.988000 5.879233e-02 2.222355e+02 1.390731e+02 0.625792
3.992600 5.892677e-02 2.210908e+02 1.383409e+02 0.625720
3.997200 5.906135e-02 2.199531e+02 1.376131e+02 0.625647
4.001800 5.919609e-02 2.188223e+02 1.368899e+02 0.625575
4.006400 5.933097e-02 2.176984e+02 1.361711e+02 0.625503
4.011000 5.946600e-02 2.165813e+02 1.354568e+02 0.625432
4.015600 5.960118e-02 2.154710e+02 1.347469e+02 0.625360
4.020200 5.973651e-02 2.143674e+02 1.340414e+02 0.625288
4.024800 5.987199e-02 2.132704e+02 1.333402e+02 0.625216
4.029400 6.000762e-02 2.121801e+02 1.326433e+02 0.625145
4.034000 6.014340e-02 2.110964e+02 1.319508e+02 0.625073
4.038600 6.027932e-02 2.100192e+02 1.312625e+02 0.625002
4.043200 6.041540e-02 2.089485e+02 1.305784e+02 0.624931
4.047800 6.055162e-02 2.078843e+02 1.298985e+02 0.624860
4.052400 6.068800e-02 2.068264e+02 1.292228e+02 0.624789
4.057000 6.082452e-02 2.057749e+02 1.285512e+02 0.624718
4.061600 6.096119e-02 2.047297e+02 1.278837e+02 0.624647
4.066200 6.109801e-02 2.036908e+02 1.272204e+02 0.624576
4.070800 6.123498e-02 2.026581e+02 1.265610e+02 0.624505
4.075400 6.137210e-02 2.016316e+02 1.259057e+02 0.624434
4.080000 6.150936e-02 2.006112e+02 1.252544e+02 0.624364
4.084600 6.164678e-02 1.995969e+02 1.246070e+02 0.624293
4.089200 6.178434e-02 1.985886e+02 1.239636e+02 0.624223
4.093800 6.192205e-02 1.975863e+02 1.233241e+02 0.624153
4.098400 6.205991e-02 1.965901e+02 1.226884e+02 0.624083
4.103000 6.219792e-02 1.955997e+02 1.220567e+02 0.624012
4.107600 6.233608e-02 1.946152e+02 1.214287e+02 0.623942
4.112200 6.247439e-02 1.936366e+02 1.208045e+02 0.623872
4.116800 6.261285e-02 1.926638e+02 1.201842e+02 0.623803
4.121400 6.275145e-02 1.916967e+02 1.195675e+02 0.623733
4.126000 6.289020e-02 1.907353e+02 1.189546e+02 0.623663
4.130600 6.302911e-02 1.897797e+02 1.183454e+02 0.623594
4.135200 6.316816e-02 1.888297e+02 1.177398e+02 0.623524
4.139800 6.330735e-02 1.878852e+02 1.171379e+02 0.623454
4.144400 6.344670e-02 1.869464e+02 1.165396e+02 0.623385
4.149000 6.358620e-02 1.860131e+02 1.159449e+02 0.623316
4.153600 6.372584e-02 1.850852e+02 1.153538e+02 0.623247
4.158200 6.386563e-02 1.841629e+02 1.147662e+02 0.623178
4.162800 6.400558e-02 1.832459e+02 1.141821e+02 0.623108
4.167400 6.414567e-02 1.823343e+02 1.136015e+02 0.623039
4.172000 6.428590e-02 1.814281e+02 1.130244e+02 0.622971
4.176600 6.442629e-02 1.805271e+02 1.124507e+02 0.622902
4.181200 6.456682e-02 1.796315e+02 1.118804e+02 0.622833
4.185800 6.470751e-02 1.787410e+02 1.113136e+02 0.622765
4.190400 6.484834e-02 1.778558e+02 1.107501e+02 0.622696
4.195000 6.498932e-02 1.769757e+02 1.101900e+02 0.622628
4.199600 6.513045e-02 1.761008e+02 1.096332e+02 0.622559
4.204200 6.527172e-02 1.752309e+02 1.090797e+02 0.622491
4.208800 6.541315e-02 1.743661e+02 1.085294e+02 0.622423
4.213400 6.555472e-02 1.735063e+02 1.079825e+02 0.622355
4.218000 6.569644e-02 1.726515e+02 1.074388e+02 0.622287
4.222600 6.583831e-02 1.718017e+02 1.068982e+02 0.622219
4.227200 6.598033e-02 1.709568e+02 1.063609e+02 0.622151
4.231800 6.612249e-02 1.701168e+02 1.058268e+02 0.622083
4.236400 6.626481e-02 1.692816e+02 1.052958e+02 0.622015
4.241000 6.640727e-02 1.684513e+02 1.047679e+02 0.621948
4.245600 6.654988e-02 1.676257e+02 1.042431e+02 0.621880
4.250200 6.669264e-02 1.668049e+02 1.037214e+02 0.621813
4.254800 6.683554e-02 1.659889e+02 1.032028e+02 0.621745
4.259400 6.697860e-02 1.651775e+02 1.026872e+02 0.621678
4.264000 6.712180e-02 1.643708e+02 1.021747e+02 0.621611
4.268600 6.726515e-02 1.635687e+02 1.016651e+02 0.621544
4.273200 6.740864e-02 1.627712e+02 1.011585e+02 0.621477
4.277800 6.755229e-02 1.619783e+02 1.006549e+02 0.621410
4.282400 6.769608e-02 1.611900e+02 1.001543e+02 0.621343
4.287000 6.784002e-02 1.604061e+02 9.965650e+01 0.621276
4.291600 6.798411e-02 1.596268e+02 9.916165e+01 0.621209
4.296200 6.812835e-02 1.588519e+02 9.866967e+01 0.621143
4.300800 6.827274e-02 1.580814e+02 9.818055e+01 0.621076
4.305400 6.841727e-02 1.573153e+02 9.769428e+01 0.621010
4.310000 6.856195e-02 1.565535e+02 9.721084e+01 0.620943
4.314600 6.870678e-02 1.557961e+02 9.673018e+01 0.620877
4.319200 6.885175e-02 1.550430e+02 9.625233e+01 0.620810
4.323800 6.899688e-02 1.542942e+02 9.577724e+01 0.620744
4.328400 6.914215e-02 1.535496e+02 9.530490e+01 0.620678
4.333000 6.928757e-02 1.528093e+02 9.483528e+01 0.620612
4.337600 6.943313e-02 1.520731e+02 9.436838e+01 0.620546
4.342200 6.957885e-02 1.513411e+02 9.390417e+01 0.620480
4.346800 6.972471e-02 1.506132e+02 9.344264e+01 0.620415
4.351400 6.987072e-02 1.498895e+02 9.298376e+01 0.620349
4.356000 7.001688e-02 1.491698e+02 9.252753e+01 0.620283
4.360600 7.016318e-02 1.484542e+02 9.207392e+01 0.620218
4.365200 7.030963e-02 1.477426e+02 9.162290e+01 0.620152
4.369800 7.045623e-02 1.470351e+02 9.117448e+01 0.620087
4.374400 7.060298e-02 1.463315e+02 9.072864e+01 0.620021
4.379000 7.074987e-02 1.456318e+02 9.028533e+01 0.619956
4.383600 7.089692e-02 1.449361e+02 8.984455e+01 0.619891
4.388200 7.104410e-02 1.442443e+02 8.940631e+01 0.619826
4.392800 7.119144e-02 1.435563e+02 8.897057e+01 0.619761
4.397400 7.133893e-02 1.428722e+02 8.853733e+01 0.619696
4.402000 7.148656e-02 1.421920e+02 8.810652e+01 0.619631
4.406600 7.163434e-02 1.415155e+02 8.767819e+01 0.619566
4.411200 7.178226e-02 1.408428e+02 8.725230e+01 0.619501
4.415800 7.193034e-02 1.401739e+02 8.682882e+01 0.619437
4.420400 7.207856e-02 1.395086e+02 8.640775e+01 0.619372
4.425000 7.222692e-02 1.388471e+02 8.598907e+01 0.619308
4.429600 7.237544e-02 1.381893e+02 8.557277e+01 0.619243
4.434200 7.252410e-02 1.375351e+02 8.515880e+01 0.619179
4.438800 7.267291e-02 1.368846e+02 8.474720e+01 0.619114
4.443400 7.282187e-02 1.362376e+02 8.433792e+01 0.619050
4.448000 7.297097e-02 1.355943e+02 8.393094e+01 0.618986
4.452600 7.312022e-02 1.349545e+02 8.352628e+01 0.618922
4.457200 7.326962e-02 1.343182e+02 8.312389e+01 0.618858
4.461800 7.341917e-02 1.336855e+02 8.272375e+01 0.618794
4.466400 7.356886e-02 1.330562e+02 8.232589e+01 0.618730
4.471000 7.371870e-02 1.324304e+02 8.193026e+01 0.618666
4.475600 7.386868e-02 1.318081e+02 8.153685e+01 0.618603
4.480200 7.401882e-02 1.311892e+02 8.114565e+01 0.618539
4.484800 7.416910e-02 1.305737e+02 8.075663e+01 0.618475
4.489400 7.431952e-02 1.299616e+02 8.036979e+01 0.618412
4.494000 7.447010e-02 1.293528e+02 7.998512e+01 0.618348
4.498600 7.462082e-02 1.287474e+02 7.960262e+01 0.618285
4.503200 7.477169e-02 1.281453e+02 7.922225e+01 0.618222
4.507800 7.492270e-02 1.275465e+02 7.884400e+01 0.618159
4.512400 7.507386e-02 1.269510e+02 7.846785e+01 0.618096
4.517000 7.522517e-02 1.263587e+02 7.809381e+01 0.618033
4.521600 7.537662e-02 1.257697e+02 7.772186e+01 0.617970
4.526200 7.552823e-02 1.251839e+02 7.735196e+01 0.617907
4.530800 7.567997e-02 1.246013e+02 7.698411e+01 0.617844
4.535400 7.583187e-02 1.240218e+02 7.661834e+01 0.617781
4.540000 7.598391e-02 1.234455e+02 7.625457e+01 0.617718
4.544600 7.613610e-02 1.228724e+02 7.589282e+01 0.617656
4.549200 7.628844e-02 1.223023e+02 7.553309e+01 0.617593
4.553800 7.644092e-02 1.217354e+02 7.517532e+01 0.617531
4.558400 7.659355e-02 1.211715e+02 7.481956e+01 0.617468
4.563000 7.674632e-02 1.206107e+02 7.446575e+01 0.617406
4.567600 7.689924e-02 1.200529e+02 7.411390e+01 0.617344
4.572200 7.705231e-02 1.194981e+02 7.376396e+01 0.617281
4.576800 7.720552e-02 1.189464e+02 7.341599e+01 0.617219
4.581400 7.735889e-02 1.183976e+02 7.306994e+01 0.617157
4.586000 7.751239e-02 1.178518e+02 7.272577e+01 0.617095
4.590600 7.766605e-02 1.173089e+02 7.238349e+01 0.617033
4.595200 7.781985e-02 1.167689e+02 7.204311e+01 0.616972
4.599800 7.797380e-02 1.162319e+02 7.170456e+01 0.616910
4.604400 7.812789e-02 1.156977e+02 7.136790e+01 0.616848
4.609000 7.828213e-02 1.151664e+02 7.103307e+01 0.616786
4.613600 7.843651e-02 1.146380e+02 7.070008e+01 0.616725
4.618200 7.859105e-02 1.141124e+02 7.036891e+01 0.616663
4.622800 7.874573e-02 1.135896e+02 7.003954e+01 0.616602
4.627400 7.890055e-02 1.130696e+02 6.971198e+01 0.616540
4.632000 7.905552e-02 1.125524e+02 6.938619e+01 0.616479
4.636600 7.921064e-02 1.120380e+02 6.906219e+01 0.616418
4.641200 7.936590e-02 1.115263e+02 6.873995e+01 0.616357
4.645800 7.952131e-02 1.110173e+02 6.841946e+01 0.616295
4.650400 7.967687e-02 1.105111e+02 6.810073e+01 0.616235
4.655000 7.983257e-02 1.100075e+02 6.778372e+01 0.616174
4.659600 7.998842e-02 1.095066e+02 6.746841e+01 0.616113
4.664200 8.014441e-02 1.090084e+02 6.715483e+01 0.616052
4.668800 8.030055e-02 1.085129e+02 6.684296e+01 0.615991
4.673400 8.045684e-02 1.080199e+02 6.653275e+01 0.615930
4.678000 8.061327e-02 1.075296e+02 6.622423e+01 0.615870
4.682600 8.076985e-02 1.070419e+02 6.591738e+01 0.615809
4.687200 8.092657e-02 1.065568e+02 6.561219e+01 0.615749
4.691800 8.108344e-02 1.060742e+02 6.530864e+01 0.615688
4.696400 8.124046e-02 1.055942e+02 6.500672e+01 0.615628
4.701000 8.139762e-02 1.051167e+02 6.470644e+01 0.615567
4.705600 8.155493e-02 1.046418e+02 6.440775e+01 0.615507
4.710200 8.171239e-02 1.041693e+02 6.411069e+01 0.615447
4.714800 8.186998e-02 1.036994e+02 6.381522e+01 0.615387
4.719400 8.202773e-02 1.032319e+02 6.352134e+01 0.615327
4.724000 8.218562e-02 1.027668e+02 6.322903e+01 0.615267
4.728600 8.234366e-02 1.023043e+02 6.293830e+01 0.615207
4.733200 8.250184e-02 1.018441e+02 6.264910e+01 0.615147
4.737800 8.266017e-02 1.013864e+02 6.236149e+01 0.615088
4.742400 8.281864e-02 1.009310e+02 6.207539e+01 0.615028
4.747000 8.297727e-02 1.004781e+02 6.179081e+01 0.614968
4.751600 8.313603e-02 1.000275e+02 6.150774e+01 0.614908
4.756200 8.329494e-02 9.957927e+01 6.122621e+01 0.614849
4.760800 8.345400e-02 9.913339e+01 6.094616e+01 0.614789
4.765400 8.361320e-02 9.868983e+01 6.066761e+01 0.614730
4.770000 8.377255e-02 9.824859e+01 6.039055e+01 0.614671
4.774600 8.393204e-02 9.780965e+01 6.011495e+01 0.614612
4.779200 8.409168e-02 9.737300e+01 5.984079e+01 0.614552
4.783800 8.425147e-02 9.693862e+01 5.956813e+01 0.614493
4.788400 8.441140e-02 9.650650e+01 5.929688e+01 0.614434
4.793000 8.457147e-02 9.607662e+01 5.902706e+01 0.614375
4.797600 8.473169e-02 9.564898e+01 5.875871e+01 0.614316
4.802200 8.489206e-02 9.522355e+01 5.849175e+01 0.614257
4.806800 8.505257e-02 9.480033e+01 5.822623e+01 0.614199
4.811400 8.521323e-02 9.437930e+01 5.796208e+01 0.614140
4.816000 8.537403e-02 9.396045e+01 5.769934e+01 0.614081
4.820600 8.553498e-02 9.354377e+01 5.743796e+01 0.614022
4.825200 8.569607e-02 9.312923e+01 5.717799e+01 0.613964
4.829800 8.585731e-02 9.271684e+01 5.691936e+01 0.613905
4.834400 8.601870e-02 9.230658e+01 5.666211e+01 0.613847
4.839000 8.618022e-02 9.189843e+01 5.640621e+01 0.613789
4.843600 8.634190e-02 9.149238e+01 5.615164e+01 0.613730
4.848200 8.650372e-02 9.108843e+01 5.589842e+01 0.613672
4.852800 8.666568e-02 9.068654e+01 5.564652e+01 0.613614
4.857400 8.682779e-02 9.028673e+01 5.539593e+01 0.613556
4.862000 8.699005e-02 8.988897e+01 5.514667e+01 0.613498
4.866600 8.715245e-02 8.949324e+01 5.489869e+01 0.613439
4.871200 8.731499e-02 8.909955e+01 5.465202e+01 0.613382
4.875800 8.747768e-02 8.870787e+01 5.440664e+01 0.613324
4.880400 8.764051e-02 8.831819e+01 5.416256e+01 0.613266
4.885000 8.780349e-02 8.793051e+01 5.391970e+01 0.613208
4.889600 8.796662e-02 8.754481e+01 5.367815e+01 0.613151
4.894200 8.812989e-02 8.716108e+01 5.343784e+01 0.613093
4.898800 8.829330e-02 8.677930e+01 5.319877e+01 0.613035
4.903400 8.845686e-02 8.639947e+01 5.296095e+01 0.612978
4.908000 8.862057e-02 8.602158e+01 5.272437e+01 0.612920
4.912600 8.878442e-02 8.564561e+01 5.248903e+01 0.612863
4.917200 8.894841e-02 8.527155e+01 5.225488e+01 0.612806
4.921800 8.911255e-02 8.489939e+01 5.202197e+01 0.612748
4.926400 8.927683e-02 8.452912e+01 5.179025e+01 0.612691
4.931000 8.944126e-02 8.416073e+01 5.155974e+01 0.612634
4.935600 8.960583e-02 8.379420e+01 5.133042e+01 0.612577
4.940200 8.977055e-02 8.342953e+01 5.110226e+01 0.612520
4.944800 8.993541e-02 8.306671e+01 5.087528e+01 0.612463
4.949400 9.010042e-02 8.270572e+01 5.064950e+01 0.612406
4.954000 9.026557e-02 8.234656e+01 5.042486e+01 0.612349
4.958600 9.043087e-02 8.198921e+01 5.020138e+01 0.612292
4.963200 9.059631e-02 8.163366e+01 4.997906e+01 0.612236
4.967800 9.076190e-02 8.127991e+01 4.975786e+01 0.612179
4.972400 9.092763e-02 8.092793e+01 4.953781e+01 0.612122
4.977000 9.109350e-02 8.057773e+01 4.931889e+01 0.612066
4.981600 9.125952e-02 8.022929e+01 4.910109e+01 0.612010
4.986200 9.142568e-02 7.988260e+01 4.888440e+01 0.611953
4.990800 9.159199e-02 7.953765e+01 4.866883e+01 0.611897
4.995400 9.175844e-02 7.919443e+01 4.845436e+01 0.611840
5.000000 9.192504e-02 7.885294e+01 4.824097e+01 0.611784
